1.000000e+00 9.043683e-12 2.326809e-11 1.110223e-16 9.043683e-12 1.000000e+00 2.392370e-10 2.220446e-16 2.326810e-11 2.392370e-10 9.999999e-01 -2.220446e-16
9.990498e-01 -1.649780e-03 4.355194e-02 5.154656e-02 1.760423e-03 9.999953e-01 -2.502237e-03 -2.424883e-02 -4.354760e-02 2.576529e-03 9.990480e-01 1.000725e+00
9.960495e-01 -5.367949e-03 8.863831e-02 1.464632e-01 6.010224e-03 9.999575e-01 -6.980718e-03 -5.051622e-02 -8.859707e-02 7.485875e-03 9.960394e-01 1.995659e+00
9.909271e-01 -5.886878e-03 1.342721e-01 2.879204e-01 7.448178e-03 9.999103e-01 -1.112852e-02 -7.903059e-02 -1.341946e-01 1.202763e-02 9.908820e-01 2.986691e+00
9.836222e-01 -3.565066e-03 1.802072e-01 4.657503e-01 6.172884e-03 9.998841e-01 -1.391250e-02 -1.102928e-01 -1.801368e-01 1.479704e-02 9.835302e-01 3.963845e+00
9.740479e-01 -6.173619e-03 2.262579e-01 6.971645e-01 9.486835e-03 9.998630e-01 -1.355912e-02 -1.438770e-01 -2.261432e-01 1.535370e-02 9.739730e-01 4.934639e+00
9.624212e-01 -7.368625e-03 2.714613e-01 9.715689e-01 1.164015e-02 9.998324e-01 -1.412847e-02 -1.802237e-01 -2.713117e-01 1.675739e-02 9.623456e-01 5.887651e+00
9.488374e-01 -9.693544e-03 3.156164e-01 1.288079e+00 1.587616e-02 9.997290e-01 -1.702376e-02 -2.184877e-01 -3.153658e-01 2.116355e-02 9.487341e-01 6.826202e+00
9.336202e-01 -1.263857e-02 3.580415e-01 1.651331e+00 2.080461e-02 9.996037e-01 -1.896441e-02 -2.547290e-01 -3.576599e-01 2.515446e-02 9.335130e-01 7.743952e+00
9.161945e-01 -1.228394e-02 4.005456e-01 2.050498e+00 2.177648e-02 9.995793e-01 -1.915567e-02 -2.919528e-01 -4.001417e-01 2.627278e-02 9.160765e-01 8.646240e+00
8.965559e-01 -1.307765e-02 4.427376e-01 2.488685e+00 2.341790e-02 9.995655e-01 -1.789659e-02 -3.309237e-01 -4.423112e-01 2.641328e-02 8.964725e-01 9.527392e+00
8.745113e-01 -1.351429e-02 4.848168e-01 2.966292e+00 2.447754e-02 9.995676e-01 -1.628953e-02 -3.697385e-01 -4.843870e-01 2.611249e-02 8.744640e-01 1.038417e+01
8.503691e-01 -1.348162e-02 5.260139e-01 3.483068e+00 2.517723e-02 9.995692e-01 -1.508348e-02 -4.086031e-01 -5.255839e-01 2.607010e-02 8.503422e-01 1.121560e+01
8.245429e-01 -1.401100e-02 5.656260e-01 4.036690e+00 2.696390e-02 9.995305e-01 -1.454755e-02 -4.439735e-01 -5.651566e-01 2.724656e-02 8.245336e-01 1.201878e+01
7.970302e-01 -1.619333e-02 6.037224e-01 4.631439e+00 3.126104e-02 9.994066e-01 -1.446406e-02 -4.790227e-01 -6.031299e-01 3.040128e-02 7.970634e-01 1.279006e+01
7.681511e-01 -1.510445e-02 6.400904e-01 5.252124e+00 3.186802e-02 9.993845e-01 -1.466090e-02 -5.136186e-01 -6.394750e-01 3.166020e-02 7.681597e-01 1.353058e+01
7.374230e-01 -1.831697e-02 6.751828e-01 5.913461e+00 3.718619e-02 9.992171e-01 -1.350645e-02 -5.462713e-01 -6.744067e-01 3.506743e-02 7.375268e-01 1.423731e+01
7.051666e-01 -1.811309e-02 7.088103e-01 6.602643e+00 3.829943e-02 9.991872e-01 -1.256911e-02 -5.777429e-01 -7.080065e-01 3.601033e-02 7.052871e-01 1.491216e+01
6.706801e-01 -1.682164e-02 7.415560e-01 7.315983e+00 3.848398e-02 9.991854e-01 -1.214001e-02 -6.091556e-01 -7.407478e-01 3.668008e-02 6.707811e-01 1.555483e+01
6.350649e-01 -1.784306e-02 7.722528e-01 8.059654e+00 4.358563e-02 9.989682e-01 -1.276143e-02 -6.362920e-01 -7.712282e-01 4.176345e-02 6.351872e-01 1.615500e+01
