1.000000e+00 9.043683e-12 2.326809e-11 1.110223e-16 9.043683e-12 1.000000e+00 2.392370e-10 3.330669e-16 2.326810e-11 2.392370e-10 9.999999e-01 -2.220446e-16
9.999967e-01 -2.220141e-03 -1.303943e-03 5.542524e-03 2.223603e-03 9.999940e-01 2.659561e-03 -3.047694e-02 1.298030e-03 -2.662451e-03 9.999956e-01 1.528975e+00
9.999915e-01 -3.006968e-03 -2.825820e-03 5.664279e-03 3.016952e-03 9.999892e-01 3.535540e-03 -6.012991e-02 2.815159e-03 -3.544035e-03 9.999897e-01 3.052409e+00
9.999889e-01 -2.128535e-03 -4.205819e-03 3.267206e-03 2.141750e-03 9.999928e-01 3.139851e-03 -8.838230e-02 4.199105e-03 -3.148823e-03 9.999862e-01 4.566315e+00
9.999830e-01 -1.524541e-03 -5.643893e-03 -6.648871e-03 1.542552e-03 9.999937e-01 3.188330e-03 -1.107150e-01 5.638997e-03 -3.196981e-03 9.999789e-01 6.079413e+00
9.999747e-01 -1.625829e-03 -6.926312e-03 -1.843176e-02 1.651081e-03 9.999920e-01 3.641708e-03 -1.314352e-01 6.920335e-03 -3.653051e-03 9.999693e-01 7.615299e+00
9.999623e-01 -1.739691e-03 -8.516225e-03 -3.171614e-02 1.772274e-03 9.999911e-01 3.819954e-03 -1.529581e-01 8.509503e-03 -3.834901e-03 9.999564e-01 9.099118e+00
9.999409e-01 -3.535931e-03 -1.028736e-02 -4.480997e-02 3.566679e-03 9.999892e-01 2.972015e-03 -1.743687e-01 1.027674e-02 -3.008530e-03 9.999426e-01 1.059934e+01
9.999212e-01 -4.713044e-03 -1.163888e-02 -6.193958e-02 4.751315e-03 9.999834e-01 3.262684e-03 -1.890327e-01 1.162331e-02 -3.317725e-03 9.999269e-01 1.209423e+01
9.999054e-01 -4.749818e-03 -1.290980e-02 -8.195167e-02 4.793738e-03 9.999828e-01 3.373208e-03 -2.057869e-01 1.289355e-02 -3.434774e-03 9.999109e-01 1.358737e+01
9.998920e-01 -4.228781e-03 -1.407697e-02 -1.077803e-01 4.271543e-03 9.999863e-01 3.009020e-03 -2.249050e-01 1.406406e-02 -3.068824e-03 9.998963e-01 1.507594e+01
9.998907e-01 -2.623327e-03 -1.455505e-02 -1.383473e-01 2.676639e-03 9.999898e-01 3.644477e-03 -2.492411e-01 1.454534e-02 -3.683036e-03 9.998874e-01 1.656039e+01
9.998870e-01 -1.053198e-03 -1.499950e-02 -1.727573e-01 1.118768e-03 9.999898e-01 4.363721e-03 -2.723182e-01 1.499475e-02 -4.380008e-03 9.998779e-01 1.804280e+01
9.998788e-01 -2.451032e-05 -1.557320e-02 -2.058484e-01 1.051712e-04 9.999866e-01 5.178666e-03 -2.957765e-01 1.557286e-02 -5.179675e-03 9.998653e-01 1.951642e+01
9.998719e-01 -2.353867e-05 -1.600922e-02 -2.386867e-01 1.097502e-04 9.999855e-01 5.384263e-03 -3.132795e-01 1.600886e-02 -5.385328e-03 9.998573e-01 2.098968e+01
9.998636e-01 4.413866e-04 -1.651007e-02 -2.678747e-01 -3.508676e-04 9.999849e-01 5.485152e-03 -3.280154e-01 1.651224e-02 -5.478609e-03 9.998486e-01 2.245164e+01
9.998625e-01 1.119432e-03 -1.654724e-02 -2.977989e-01 -1.019277e-03 9.999811e-01 6.059863e-03 -3.414779e-01 1.655371e-02 -6.042162e-03 9.998447e-01 2.390871e+01
9.998615e-01 2.049949e-03 -1.651601e-02 -3.286901e-01 -1.931135e-03 9.999721e-01 7.206627e-03 -3.566005e-01 1.653032e-02 -7.173732e-03 9.998376e-01 2.536099e+01
9.998618e-01 2.377257e-03 -1.645374e-02 -3.584000e-01 -2.272538e-03 9.999770e-01 6.380235e-03 -3.701780e-01 1.646853e-02 -6.341960e-03 9.998442e-01 2.680201e+01
9.998620e-01 2.769091e-03 -1.638309e-02 -3.881643e-01 -2.708306e-03 9.999893e-01 3.731267e-03 -3.903781e-01 1.639325e-02 -3.686380e-03 9.998588e-01 2.823509e+01
