1.000000e+00 1.197625e-11 1.704638e-10 1.110223e-16 1.197625e-11 1.000000e+00 3.562503e-10 0.000000e+00 1.704638e-10 3.562503e-10 1.000000e+00 2.220446e-16
9.999968e-01 -1.958988e-03 -1.630129e-03 3.499723e-03 1.957401e-03 9.999976e-01 -9.745057e-04 -9.789328e-03 1.632035e-03 9.713123e-04 9.999982e-01 5.653511e-01
9.999931e-01 -2.475044e-03 -2.755837e-03 1.173954e-03 2.468662e-03 9.999942e-01 -2.316828e-03 -2.241474e-02 2.761556e-03 2.310009e-03 9.999935e-01 1.127607e+00
9.999863e-01 -2.528164e-03 -4.580897e-03 -7.831705e-03 2.512020e-03 9.999906e-01 -3.526615e-03 -4.141091e-02 4.589771e-03 3.515059e-03 9.999833e-01 1.689225e+00
9.999675e-01 -4.648687e-03 -6.595320e-03 -1.508128e-02 4.612815e-03 9.999745e-01 -5.443974e-03 -5.922720e-02 6.620460e-03 5.413373e-03 9.999634e-01 2.251296e+00
9.999413e-01 -7.134576e-03 -8.152763e-03 -2.040073e-02 7.072901e-03 9.999463e-01 -7.569121e-03 -7.423248e-02 8.206328e-03 7.511012e-03 9.999381e-01 2.816072e+00
9.999200e-01 -8.311338e-03 -9.539068e-03 -2.969353e-02 8.230327e-03 9.999300e-01 -8.500812e-03 -9.078265e-02 9.609054e-03 8.421622e-03 9.999184e-01 3.390281e+00
9.999041e-01 -8.525348e-03 -1.091073e-02 -4.152744e-02 8.441127e-03 9.999344e-01 -7.742225e-03 -1.098544e-01 1.097602e-02 7.649383e-03 9.999105e-01 3.969489e+00
9.998884e-01 -8.811524e-03 -1.206613e-02 -5.593704e-02 8.715868e-03 9.999303e-01 -7.957589e-03 -1.348021e-01 1.213540e-02 7.851533e-03 9.998955e-01 4.556204e+00
9.998780e-01 -8.278892e-03 -1.324786e-02 -7.008098e-02 8.141373e-03 9.999127e-01 -1.040105e-02 -1.575514e-01 1.333281e-02 1.029192e-02 9.998582e-01 5.150463e+00
9.998748e-01 -6.580037e-03 -1.439059e-02 -8.798198e-02 6.374276e-03 9.998774e-01 -1.429781e-02 -1.803479e-01 1.448291e-02 1.420429e-02 9.997942e-01 5.751285e+00
9.998652e-01 -5.082827e-03 -1.561247e-02 -1.054713e-01 4.800847e-03 9.998256e-01 -1.804597e-02 -1.996581e-01 1.570147e-02 1.796859e-02 9.997153e-01 6.363942e+00
9.998522e-01 -3.623834e-03 -1.680538e-02 -1.238576e-01 3.306955e-03 9.998169e-01 -1.884543e-02 -2.187844e-01 1.687060e-02 1.878706e-02 9.996812e-01 6.989627e+00
9.998394e-01 -1.112536e-03 -1.788542e-02 -1.444743e-01 8.907687e-04 9.999227e-01 -1.240253e-02 -2.366165e-01 1.789783e-02 1.238460e-02 9.997631e-01 7.637602e+00
9.998258e-01 -8.672136e-05 -1.866531e-02 -1.645124e-01 5.358731e-05 9.999984e-01 -1.775663e-03 -2.542635e-01 1.866543e-02 1.774354e-03 9.998242e-01 8.302111e+00
9.998120e-01 1.004604e-03 -1.936675e-02 -1.844755e-01 -8.989153e-04 9.999846e-01 5.465141e-03 -2.738044e-01 1.937194e-02 -5.446702e-03 9.997975e-01 8.978383e+00
9.997817e-01 3.389970e-03 -2.061746e-02 -2.077191e-01 -3.275843e-03 9.999791e-01 5.566728e-03 -2.924369e-01 2.063590e-02 -5.497971e-03 9.997719e-01 9.661917e+00
9.997543e-01 5.555763e-03 -2.145926e-02 -2.329992e-01 -5.595211e-03 9.999827e-01 -1.778629e-03 -3.035717e-01 2.144901e-02 1.898261e-03 9.997682e-01 1.035368e+01
9.997369e-01 4.812930e-03 -2.242765e-02 -2.537940e-01 -5.013394e-03 9.999479e-01 -8.890577e-03 -3.091782e-01 2.238369e-02 9.000675e-03 9.997089e-01 1.106423e+01
9.997145e-01 2.620743e-03 -2.375049e-02 -2.701280e-01 -2.819209e-03 9.999613e-01 -8.326642e-03 -3.152238e-01 2.372775e-02 8.391221e-03 9.996832e-01 1.179839e+01
