1.000000e+00 1.197625e-11 1.704638e-10 0.000000e+00 1.197625e-11 1.000000e+00 3.562503e-10 -1.110223e-16 1.704638e-10 3.562503e-10 1.000000e+00 2.220446e-16
9.999995e-01 7.196824e-04 -6.870876e-04 -1.401751e-02 -7.197717e-04 9.999997e-01 -1.295633e-04 -2.820321e-02 6.869946e-04 1.300585e-04 9.999998e-01 1.198998e+00
9.999981e-01 1.430880e-03 -1.366265e-03 -2.787365e-02 -1.431233e-03 9.999989e-01 -2.576187e-04 -5.608120e-02 1.365895e-03 2.595743e-04 9.999990e-01 2.384181e+00
9.999956e-01 2.145639e-03 -2.049036e-03 -4.180320e-02 -2.146435e-03 9.999976e-01 -3.863468e-04 -8.410629e-02 2.048203e-03 3.907438e-04 9.999978e-01 3.575628e+00
9.999922e-01 2.860329e-03 -2.731935e-03 -5.573543e-02 -2.861747e-03 9.999957e-01 -5.150906e-04 -1.121362e-01 2.730451e-03 5.229053e-04 9.999961e-01 4.767291e+00
9.999878e-01 3.576816e-03 -3.416746e-03 -6.970674e-02 -3.579038e-03 9.999934e-01 -6.441878e-04 -1.402442e-01 3.414420e-03 6.564092e-04 9.999940e-01 5.962283e+00
9.999824e-01 4.290400e-03 -4.098979e-03 -8.362554e-02 -4.293603e-03 9.999905e-01 -7.727885e-04 -1.682458e-01 4.095625e-03 7.903748e-04 9.999913e-01 7.152769e+00
9.999760e-01 5.005068e-03 -4.782444e-03 -9.756958e-02 -5.009436e-03 9.999870e-01 -9.016141e-04 -1.962977e-01 4.777870e-03 9.255504e-04 9.999882e-01 8.345400e+00
9.999687e-01 5.718771e-03 -5.465184e-03 -1.114989e-01 -5.724485e-03 9.999831e-01 -1.030294e-03 -2.243193e-01 5.459201e-03 1.061548e-03 9.999845e-01 9.536762e+00
9.999604e-01 6.432384e-03 -6.148038e-03 -1.254307e-01 -6.439629e-03 9.999786e-01 -1.158988e-03 -2.523452e-01 6.140452e-03 1.198534e-03 9.999804e-01 1.072832e+01
9.999511e-01 7.145767e-03 -6.830869e-03 -1.393621e-01 -7.154725e-03 9.999736e-01 -1.287669e-03 -2.803697e-01 6.821488e-03 1.336480e-03 9.999758e-01 1.191983e+01
9.999409e-01 7.859281e-03 -7.514028e-03 -1.533004e-01 -7.870140e-03 9.999680e-01 -1.416404e-03 -3.084073e-01 7.502657e-03 1.475458e-03 9.999708e-01 1.311191e+01
9.999311e-01 8.435908e-03 -8.163220e-03 -1.671408e-01 -8.448594e-03 9.999631e-01 -1.520606e-03 -3.362948e-01 8.150093e-03 1.589470e-03 9.999655e-01 1.430348e+01
9.999063e-01 1.021484e-02 -9.110264e-03 -1.818140e-01 -1.023202e-02 9.999459e-01 -1.840097e-03 -3.654237e-01 9.090976e-03 1.933142e-03 9.999568e-01 1.549659e+01
9.999049e-01 9.942671e-03 -9.559126e-03 -1.950729e-01 -9.960151e-03 9.999488e-01 -1.782531e-03 -3.924445e-01 9.540914e-03 1.877572e-03 9.999527e-01 1.668758e+01
9.999045e-01 9.373887e-03 -1.015134e-02 -2.081761e-01 -9.389118e-03 9.999548e-01 -1.453538e-03 -4.191514e-01 1.013726e-02 1.548712e-03 9.999474e-01 1.788104e+01
9.999026e-01 9.037036e-03 -1.063812e-02 -2.220687e-01 -9.048731e-03 9.999585e-01 -1.051573e-03 -4.450814e-01 1.062817e-02 1.147733e-03 9.999429e-01 1.907663e+01
9.998928e-01 9.270131e-03 -1.133310e-02 -2.372951e-01 -9.293058e-03 9.999548e-01 -1.971849e-03 -4.715143e-01 1.131431e-02 2.076957e-03 9.999338e-01 2.027019e+01
9.998895e-01 9.007105e-03 -1.182761e-02 -2.531559e-01 -9.043321e-03 9.999545e-01 -3.011911e-03 -4.977817e-01 1.179995e-02 3.118539e-03 9.999255e-01 2.146468e+01
9.998739e-01 9.613273e-03 -1.263921e-02 -2.707637e-01 -9.644484e-03 9.999506e-01 -2.410510e-03 -5.247441e-01 1.261541e-02 2.532105e-03 9.999172e-01 2.265883e+01
